ILS32R:50.8551957:7.1657231:50.8804612:7.1290705
ILS24:50.8695994:7.1551550:50.8601233:7.1237907
ILS06:50.8162496:6.9815123:50.8612187:7.1274431
ILS32L:50.8585091:7.1387503:50.8708337:7.1208554