ILS14L:50.8804210:7.1290254:50.8550795:7.1657589
ILS24:50.8695994:7.1551550:50.8601233:7.1237907
ILS06:50.8600967:7.1238583:50.8696658:7.1552270
ILS14R:50.8708001:7.1208715:50.8585142:7.1387294