ILS07R:50.0275420:8.5341740:50.0400520:8.5865290
ILS07C:50.0326170:8.5346300:50.0451270:8.5869810
ILS07L:50.0370540:8.4970780:50.0458250:8.5337160