ILS25L:50.0400520:8.5865290:50.0275420:8.5341740
ILS25C:50.0451270:8.5869810:50.0326170:8.5346300
ILS25R:50.0458250:8.5337160:50.0370540:8.4970780